# contractacio.R — descàrrega de dades de contractació laboral.
#
# TIPOLOGIES: "total" (tots els contractes), "ett" (Empreses de Treball
# Temporal), "estrangeres" (persones estrangeres), "estrangeres_regio"
# (persones estrangeres per gran regió de nacionalitat).
#
# LÍMITS TÈCNICS DE L'API:
#   - Màxim 12 mesos per crida (batching automàtic)
#   - Màxim 20 municipis per crida (batching automàtic)
#   - Una variable de desagregació en FILES i una en COLS simultàniament

.LAB_CONT_VIZ <- "W2359"

.LAB_CONT_DOSSIERS <- list(
  total = list(
    cat  = list(id = "2787AC144F0BB6C57A2859ABC9D4B12C",
                files = "FEB6E87C42885551C315BB8709EE5FC3@0@10",
                cols  = "1FCED40D4D6B93C85961CEB7C940D59A@0@10"),
    com  = list(id = "5A78263644C92CD970D926818A2D526E",
                files = "FEB6E87C42885551C315BB8709EE5FC3@0@10",
                cols  = "1FCED40D4D6B93C85961CEB7C940D59A@0@10"),
    prov = list(id = "799AF87F4D69EA7BB1376984E0930EFF",
                files = "FEB6E87C42885551C315BB8709EE5FC3@0@10",
                cols  = "1FCED40D4D6B93C85961CEB7C940D59A@0@10"),
    muni = list(id = "9433C3AB4543E176D0704190F3C3E7ED",
                files = "FEB6E87C42885551C315BB8709EE5FC3@0@10",
                cols  = "1FCED40D4D6B93C85961CEB7C940D59A@0@10")
  ),
  ett = list(
    cat  = list(id = "4FDAD2F84BD026C0548C25B9E7C78A36",
                files = "784B53154A5030AC847D06A4BA000C83@0@10",
                cols  = "4B714158475A269F5AE146A930D50A2D@0@10"),
    com  = list(id = "B1AFEFE5417E17DDC05B3C8503B5197D",
                files = "784B53154A5030AC847D06A4BA000C83@0@10",
                cols  = "4B714158475A269F5AE146A930D50A2D@0@10"),
    prov = list(id = "10C01E59428060CBB18E408EEC7FD52D",
                files = "784B53154A5030AC847D06A4BA000C83@0@10",
                cols  = "4B714158475A269F5AE146A930D50A2D@0@10"),
    muni = list(id = "D917FDB44DFC7F90C7AB049052DC0EEA",
                files = "784B53154A5030AC847D06A4BA000C83@0@10",
                cols  = "4B714158475A269F5AE146A930D50A2D@0@10")
  ),
  estrangeres = list(
    cat  = list(id = "60D7A95243C8FE5EDB02A5B55D538128",
                files = "FEB6E87C42885551C315BB8709EE5FC3@0@10",
                cols  = "1FCED40D4D6B93C85961CEB7C940D59A@0@10"),
    com  = list(id = "ADA878A845F4005861F5D0A8173905D8",
                files = "FEB6E87C42885551C315BB8709EE5FC3@0@10",
                cols  = "1FCED40D4D6B93C85961CEB7C940D59A@0@10"),
    prov = list(id = "CE09C38F46025FD136B41694EBCF33AD",
                files = "FEB6E87C42885551C315BB8709EE5FC3@0@10",
                cols  = "1FCED40D4D6B93C85961CEB7C940D59A@0@10"),
    muni = list(id = "5247DFF3496A701AD179669C35057A91",
                files = "FEB6E87C42885551C315BB8709EE5FC3@0@10",
                cols  = "1FCED40D4D6B93C85961CEB7C940D59A@0@10")
  ),
  estrangeres_regio = list(
    cat  = list(id = "2578459643B09D0D01C2BFAD3C93496D",
                files = "26E93DAD402FCDBDBEC31F92DCE19DEB@0@10",
                cols  = "8D1C66B74A3D7D81021C8C9E9627171A@0@10"),
    com  = list(id = "6C5AC4EC4E2BA287895AEF923D071CCF",
                files = "26E93DAD402FCDBDBEC31F92DCE19DEB@0@10",
                cols  = "8D1C66B74A3D7D81021C8C9E9627171A@0@10"),
    prov = list(id = "4792FE3D420E1DA406E5FEB2F0333D01",
                files = "26E93DAD402FCDBDBEC31F92DCE19DEB@0@10",
                cols  = "8D1C66B74A3D7D81021C8C9E9627171A@0@10"),
    muni = list(id = "84D6DD354D4950669817E4AA05B8FF61",
                files = "26E93DAD402FCDBDBEC31F92DCE19DEB@0@10",
                cols  = "8D1C66B74A3D7D81021C8C9E9627171A@0@10")
  )
)

.LAB_CONT_PROMPT_MES       <- "CDA94A6A429498224F6CD587ABBE510F@0@10"
.LAB_CONT_PROMPT_COMARCA   <- "D28CAC094BC809E64839EDB3989897BC@0@10"
.LAB_CONT_PROMPT_PROVINCIA <- "CD1345EC475B554A466AABB0C0D05185@0@10"
.LAB_CONT_PROMPT_MUNICIPI  <- "4AB14277448D036A7ABDF5A8AF10C20E@0@10"

# Variables de desagregació. Les "complexes" (parent_prompt_val no NULL)
# activen un sub-prompt al servidor que es respon en una segona crida.
.LAB_CONT_VARIABLES <- list(
  sexe = list(
    val_str           = "D266E24A11D4C75E2000058EE23BF035~12~Sexe",
    parent_prompt_val = NULL,
    tipologies        = c("total", "ett", "estrangeres", "estrangeres_regio"),
    posicio           = "ambdos",
    descripcio        = "Sexe (Home / Dona)"
  ),
  jornada = list(
    val_str           = "C9B811274366D22A3E223D94A0BF3F74~12~Jornada",
    parent_prompt_val = NULL,
    tipologies        = c("total", "ett", "estrangeres"),
    posicio           = "ambdos",
    descripcio        = "Jornada (temps complet / parcial / fixos-discontinus)"
  ),
  durada_mesos = list(
    val_str           = "67AD6B0E456E302BE161AFB3F0820AB2~12~Tram durada mesos",
    parent_prompt_val = NULL,
    tipologies        = c("total", "estrangeres"),
    posicio           = "ambdos",
    descripcio        = "Tram durada en mesos (Total/Estrangeres, 9 trams)"
  ),
  durada_dies = list(
    val_str           = "82638F7345B92A08267B41BCECB39530~12~Tram durada dies",
    parent_prompt_val = NULL,
    tipologies        = c("ett"),
    posicio           = "ambdos",
    descripcio        = "Tram durada en dies (exclusiu ETT)"
  ),
  modalitat_ett = list(
    val_str           = "4BD8BC6340C2F33286959589B030B766~47~Modalitat de contracte",
    parent_prompt_val = NULL,
    tipologies        = c("ett"),
    posicio           = "ambdos",
    descripcio        = "Modalitat de contracte (exclusiu ETT)"
  ),
  nivell_formatiu = list(
    val_str           = "DB228F2140B0C524683753A8D0435D61~12~Grup nivell formatiu",
    parent_prompt_val = NULL,
    tipologies        = c("total", "ett", "estrangeres"),
    posicio           = "files",
    descripcio        = "Grup nivell formatiu (10 grups) - nomes FILES"
  ),
  grandaria_compte = list(
    val_str           = "B31781B911D4C77D2000058EE23BF035~12~Tram grandaria compte de cotitzacio",
    parent_prompt_val = NULL,
    tipologies        = c("total"),
    posicio           = "files",
    descripcio        = "Tram grandaria compte de cotitzacio (Total, 11 trams) - nomes FILES"
  ),
  indefinit_temporal = list(
    val_str           = "F1BBFBEE11D4C7832000058EE23BF035~12~Indicador indefinit/temporal",
    parent_prompt_val = NULL,
    tipologies        = c("estrangeres_regio"),
    posicio           = "ambdos",
    descripcio        = "Indicador indefinit/temporal (exclusiu estrangeres_regio)"
  ),
  gran_grup_ocupacio_pgr = list(
    val_str           = "D266D61211D4C75E2000058EE23BF035~12~Gran grup ocupacio",
    parent_prompt_val = NULL,
    tipologies        = c("estrangeres_regio"),
    posicio           = "files",
    descripcio        = "Gran grup ocupacio (estrangeres_regio, directa) - nomes FILES"
  ),
  edat_2 = list(
    val_str           = "D266E24F11D4C75E2000058EE23BF035~12~Tram edats (2)",
    parent_prompt_val = "B3547DBA4EB0EFC8AA93108BB2D7F69F~10~Edat",
    sub_prompt_id     = "B3547DBA4EB0EFC8AA93108BB2D7F69F",
    tipologies        = c("total", "ett", "estrangeres"),
    posicio           = "ambdos",
    descripcio        = "Edat: 2 trams (Menors de 25 anys / De 25 i mes)"
  ),
  edat_3 = list(
    val_str           = "D266E25011D4C75E2000058EE23BF035~12~Tram edats (3)",
    parent_prompt_val = "B3547DBA4EB0EFC8AA93108BB2D7F69F~10~Edat",
    sub_prompt_id     = "B3547DBA4EB0EFC8AA93108BB2D7F69F",
    tipologies        = c("total", "ett", "estrangeres"),
    posicio           = "ambdos",
    descripcio        = "Edat: 3 trams (Menors 25 / De 25 a 44 / De 45 i mes)"
  ),
  edat_5 = list(
    val_str           = "D266E25111D4C75E2000058EE23BF035~12~Tram edats (5)",
    parent_prompt_val = "B3547DBA4EB0EFC8AA93108BB2D7F69F~10~Edat",
    sub_prompt_id     = "B3547DBA4EB0EFC8AA93108BB2D7F69F",
    tipologies        = c("total", "ett", "estrangeres"),
    posicio           = "ambdos",
    descripcio        = "Edat: 5 trams"
  ),